12345
12346
12347
12348
12354
12356
12357
12358
12364
12365
12367
12368
12374
12375
12376
12378
12384
12385
12386
12387
12435
12436
12437
12438
12453
12456
12457
12458
12463
12465
12467
12468
12473
12475
12476
12478
12483
12485
12486
12487
12534
12536
12537
12538
12543
12546
12547
12548
12563
12564
12567
12568
12573
12574
12576
12578
12583
12584
12586
12587
12634
12635
12637
12638
12643
12645
12647
12648
12653
12654
12657
12658
12673
12674
12675
12678
12683
12684
12685
12687
12734
12735
12736
12738
12743
12745
12746
12748
12753
12754
12756
12758
12763
12764
12765
12768
12783
12784
12785
12786
12834
12835
12836
12837
12843
12845
12846
12847
12853
12854
12856
12857
12863
12864
12865
12867
12873
12874
12875
12876
13245
13246
13247
13248
13254
13256
13257
13258
13264
13265
13267
13268
13274
13275
13276
13278
13284
13285
13286
13287
13425
13426
13427
13428
13452
13456
13457
13458
13462
13465
13467
13468
13472
13475
13476
13478
13482
13485
13486
13487
13524
13526
13527
13528
13542
13546
13547
13548
13562
13564
13567
13568
13572
13574
13576
13578
13582
13584
13586
13587
13624
13625
13627
13628
13642
13645
13647
13648
13652
13654
13657
13658
13672
13674
13675
13678
13682
13684
13685
13687
13724
13725
13726
13728
13742
13745
13746
13748
13752
13754
13756
13758
13762
13764
13765
13768
13782
13784
13785
13786
13824
13825
13826
13827
13842
13845
13846
13847
13852
13854
13856
13857
13862
13864
13865
13867
13872
13874
13875
13876
14235
14236
14237
14238
14253
14256
14257
14258
14263
14265
14267
14268
14273
14275
14276
14278
14283
14285
14286
14287
14325
14326
14327
14328
14352
14356
14357
14358
14362
14365
14367
14368
14372
14375
14376
14378
14382
14385
14386
14387
14523
14526
14527
14528
14532
14536
14537
14538
14562
14563
14567
14568
14572
14573
14576
14578
14582
14583
14586
14587
14623
14625
14627
14628
14632
14635
14637
14638
14652
14653
14657
14658
14672
14673
14675
14678
14682
14683
14685
14687
14723
14725
14726
14728
14732
14735
14736
14738
14752
14753
14756
14758
14762
14763
14765
14768
14782
14783
14785
14786
14823
14825
14826
14827
14832
14835
14836
14837
14852
14853
14856
14857
14862
14863
14865
14867
14872
14873
14875
14876
15234
15236
15237
15238
15243
15246
15247
15248
15263
15264
15267
15268
15273
15274
15276
15278
15283
15284
15286
15287
15324
15326
15327
15328
15342
15346
15347
15348
15362
15364
15367
15368
15372
15374
15376
15378
15382
15384
15386
15387
15423
15426
15427
15428
15432
15436
15437
15438
15462
15463
15467
15468
15472
15473
15476
15478
15482
15483
15486
15487
15623
15624
15627
15628
15632
15634
15637
15638
15642
15643
15647
15648
15672
15673
15674
15678
15682
15683
15684
15687
15723
15724
15726
15728
15732
15734
15736
15738
15742
15743
15746
15748
15762
15763
15764
15768
15782
15783
15784
15786
15823
15824
15826
15827
15832
15834
15836
15837
15842
15843
15846
15847
15862
15863
15864
15867
15872
15873
15874
15876
16234
16235
16237
16238
16243
16245
16247
16248
16253
16254
16257
16258
16273
16274
16275
16278
16283
16284
16285
16287
16324
16325
16327
16328
16342
16345
16347
16348
16352
16354
16357
16358
16372
16374
16375
16378
16382
16384
16385
16387
16423
16425
16427
16428
16432
16435
16437
16438
16452
16453
16457
16458
16472
16473
16475
16478
16482
16483
16485
16487
16523
16524
16527
16528
16532
16534
16537
16538
16542
16543
16547
16548
16572
16573
16574
16578
16582
16583
16584
16587
16723
16724
16725
16728
16732
16734
16735
16738
16742
16743
16745
16748
16752
16753
16754
16758
16782
16783
16784
16785
16823
16824
16825
16827
16832
16834
16835
16837
16842
16843
16845
16847
16852
16853
16854
16857
16872
16873
16874
16875
17234
17235
17236
17238
17243
17245
17246
17248
17253
17254
17256
17258
17263
17264
17265
17268
17283
17284
17285
17286
17324
17325
17326
17328
17342
17345
17346
17348
17352
17354
17356
17358
17362
17364
17365
17368
17382
17384
17385
17386
17423
17425
17426
17428
17432
17435
17436
17438
17452
17453
17456
17458
17462
17463
17465
17468
17482
17483
17485
17486
17523
17524
17526
17528
17532
17534
17536
17538
17542
17543
17546
17548
17562
17563
17564
17568
17582
17583
17584
17586
17623
17624
17625
17628
17632
17634
17635
17638
17642
17643
17645
17648
17652
17653
17654
17658
17682
17683
17684
17685
17823
17824
17825
17826
17832
17834
17835
17836
17842
17843
17845
17846
17852
17853
17854
17856
17862
17863
17864
17865
18234
18235
18236
18237
18243
18245
18246
18247
18253
18254
18256
18257
18263
18264
18265
18267
18273
18274
18275
18276
18324
18325
18326
18327
18342
18345
18346
18347
18352
18354
18356
18357
18362
18364
18365
18367
18372
18374
18375
18376
18423
18425
18426
18427
18432
18435
18436
18437
18452
18453
18456
18457
18462
18463
18465
18467
18472
18473
18475
18476
18523
18524
18526
18527
18532
18534
18536
18537
18542
18543
18546
18547
18562
18563
18564
18567
18572
18573
18574
18576
18623
18624
18625
18627
18632
18634
18635
18637
18642
18643
18645
18647
18652
18653
18654
18657
18672
18673
18674
18675
18723
18724
18725
18726
18732
18734
18735
18736
18742
18743
18745
18746
18752
18753
18754
18756
18762
18763
18764
18765
21345
21346
21347
21348
21354
21356
21357
21358
21364
21365
21367
21368
21374
21375
21376
21378
21384
21385
21386
21387
21435
21436
21437
21438
21453
21456
21457
21458
21463
21465
21467
21468
21473
21475
21476
21478
21483
21485
21486
21487
21534
21536
21537
21538
21543
21546
21547
21548
21563
21564
21567
21568
21573
21574
21576
21578
21583
21584
21586
21587
21634
21635
21637
21638
21643
21645
21647
21648
21653
21654
21657
21658
21673
21674
21675
21678
21683
21684
21685
21687
21734
21735
21736
21738
21743
21745
21746
21748
21753
21754
21756
21758
21763
21764
21765
21768
21783
21784
21785
21786
21834
21835
21836
21837
21843
21845
21846
21847
21853
21854
21856
21857
21863
21864
21865
21867
21873
21874
21875
21876
23145
23146
23147
23148
23154
23156
23157
23158
23164
23165
23167
23168
23174
23175
23176
23178
23184
23185
23186
23187
23415
23416
23417
23418
23451
23456
23457
23458
23461
23465
23467
23468
23471
23475
23476
23478
23481
23485
23486
23487
23514
23516
23517
23518
23541
23546
23547
23548
23561
23564
23567
23568
23571
23574
23576
23578
23581
23584
23586
23587
23614
23615
23617
23618
23641
23645
23647
23648
23651
23654
23657
23658
23671
23674
23675
23678
23681
23684
23685
23687
23714
23715
23716
23718
23741
23745
23746
23748
23751
23754
23756
23758
23761
23764
23765
23768
23781
23784
23785
23786
23814
23815
23816
23817
23841
23845
23846
23847
23851
23854
23856
23857
23861
23864
23865
23867
23871
23874
23875
23876
24135
24136
24137
24138
24153
24156
24157
24158
24163
24165
24167
24168
24173
24175
24176
24178
24183
24185
24186
24187
24315
24316
24317
24318
24351
24356
24357
24358
24361
24365
24367
24368
24371
24375
24376
24378
24381
24385
24386
24387
24513
24516
24517
24518
24531
24536
24537
24538
24561
24563
24567
24568
24571
24573
24576
24578
24581
24583
24586
24587
24613
24615
24617
24618
24631
24635
24637
24638
24651
24653
24657
24658
24671
24673
24675
24678
24681
24683
24685
24687
24713
24715
24716
24718
24731
24735
24736
24738
24751
24753
24756
24758
24761
24763
24765
24768
24781
24783
24785
24786
24813
24815
24816
24817
24831
24835
24836
24837
24851
24853
24856
24857
24861
24863
24865
24867
24871
24873
24875
24876
25134
25136
25137
25138
25143
25146
25147
25148
25163
25164
25167
25168
25173
25174
25176
25178
25183
25184
25186
25187
25314
25316
25317
25318
25341
25346
25347
25348
25361
25364
25367
25368
25371
25374
25376
25378
25381
25384
25386
25387
25413
25416
25417
25418
25431
25436
25437
25438
25461
25463
25467
25468
25471
25473
25476
25478
25481
25483
25486
25487
25613
25614
25617
25618
25631
25634
25637
25638
25641
25643
25647
25648
25671
25673
25674
25678
25681
25683
25684
25687
25713
25714
25716
25718
25731
25734
25736
25738
25741
25743
25746
25748
25761
25763
25764
25768
25781
25783
25784
25786
25813
25814
25816
25817
25831
25834
25836
25837
25841
25843
25846
25847
25861
25863
25864
25867
25871
25873
25874
25876
26134
26135
26137
26138
26143
26145
26147
26148
26153
26154
26157
26158
26173
26174
26175
26178
26183
26184
26185
26187
26314
26315
26317
26318
26341
26345
26347
26348
26351
26354
26357
26358
26371
26374
26375
26378
26381
26384
26385
26387
26413
26415
26417
26418
26431
26435
26437
26438
26451
26453
26457
26458
26471
26473
26475
26478
26481
26483
26485
26487
26513
26514
26517
26518
26531
26534
26537
26538
26541
26543
26547
26548
26571
26573
26574
26578
26581
26583
26584
26587
26713
26714
26715
26718
26731
26734
26735
26738
26741
26743
26745
26748
26751
26753
26754
26758
26781
26783
26784
26785
26813
26814
26815
26817
26831
26834
26835
26837
26841
26843
26845
26847
26851
26853
26854
26857
26871
26873
26874
26875
27134
27135
27136
27138
27143
27145
27146
27148
27153
27154
27156
27158
27163
27164
27165
27168
27183
27184
27185
27186
27314
27315
27316
27318
27341
27345
27346
27348
27351
27354
27356
27358
27361
27364
27365
27368
27381
27384
27385
27386
27413
27415
27416
27418
27431
27435
27436
27438
27451
27453
27456
27458
27461
27463
27465
27468
27481
27483
27485
27486
27513
27514
27516
27518
27531
27534
27536
27538
27541
27543
27546
27548
27561
27563
27564
27568
27581
27583
27584
27586
27613
27614
27615
27618
27631
27634
27635
27638
27641
27643
27645
27648
27651
27653
27654
27658
27681
27683
27684
27685
27813
27814
27815
27816
27831
27834
27835
27836
27841
27843
27845
27846
27851
27853
27854
27856
27861
27863
27864
27865
28134
28135
28136
28137
28143
28145
28146
28147
28153
28154
28156
28157
28163
28164
28165
28167
28173
28174
28175
28176
28314
28315
28316
28317
28341
28345
28346
28347
28351
28354
28356
28357
28361
28364
28365
28367
28371
28374
28375
28376
28413
28415
28416
28417
28431
28435
28436
28437
28451
28453
28456
28457
28461
28463
28465
28467
28471
28473
28475
28476
28513
28514
28516
28517
28531
28534
28536
28537
28541
28543
28546
28547
28561
28563
28564
28567
28571
28573
28574
28576
28613
28614
28615
28617
28631
28634
28635
28637
28641
28643
28645
28647
28651
28653
28654
28657
28671
28673
28674
28675
28713
28714
28715
28716
28731
28734
28735
28736
28741
28743
28745
28746
28751
28753
28754
28756
28761
28763
28764
28765
31245
31246
31247
31248
31254
31256
31257
31258
31264
31265
31267
31268
31274
31275
31276
31278
31284
31285
31286
31287
31425
31426
31427
31428
31452
31456
31457
31458
31462
31465
31467
31468
31472
31475
31476
31478
31482
31485
31486
31487
31524
31526
31527
31528
31542
31546
31547
31548
31562
31564
31567
31568
31572
31574
31576
31578
31582
31584
31586
31587
31624
31625
31627
31628
31642
31645
31647
31648
31652
31654
31657
31658
31672
31674
31675
31678
31682
31684
31685
31687
31724
31725
31726
31728
31742
31745
31746
31748
31752
31754
31756
31758
31762
31764
31765
31768
31782
31784
31785
31786
31824
31825
31826
31827
31842
31845
31846
31847
31852
31854
31856
31857
31862
31864
31865
31867
31872
31874
31875
31876
32145
32146
32147
32148
32154
32156
32157
32158
32164
32165
32167
32168
32174
32175
32176
32178
32184
32185
32186
32187
32415
32416
32417
32418
32451
32456
32457
32458
32461
32465
32467
32468
32471
32475
32476
32478
32481
32485
32486
32487
32514
32516
32517
32518
32541
32546
32547
32548
32561
32564
32567
32568
32571
32574
32576
32578
32581
32584
32586
32587
32614
32615
32617
32618
32641
32645
32647
32648
32651
32654
32657
32658
32671
32674
32675
32678
32681
32684
32685
32687
32714
32715
32716
32718
32741
32745
32746
32748
32751
32754
32756
32758
32761
32764
32765
32768
32781
32784
32785
32786
32814
32815
32816
32817
32841
32845
32846
32847
32851
32854
32856
32857
32861
32864
32865
32867
32871
32874
32875
32876
34125
34126
34127
34128
34152
34156
34157
34158
34162
34165
34167
34168
34172
34175
34176
34178
34182
34185
34186
34187
34215
34216
34217
34218
34251
34256
34257
34258
34261
34265
34267
34268
34271
34275
34276
34278
34281
34285
34286
34287
34512
34516
34517
34518
34521
34526
34527
34528
34561
34562
34567
34568
34571
34572
34576
34578
34581
34582
34586
34587
34612
34615
34617
34618
34621
34625
34627
34628
34651
34652
34657
34658
34671
34672
34675
34678
34681
34682
34685
34687
34712
34715
34716
34718
34721
34725
34726
34728
34751
34752
34756
34758
34761
34762
34765
34768
34781
34782
34785
34786
34812
34815
34816
34817
34821
34825
34826
34827
34851
34852
34856
34857
34861
34862
34865
34867
34871
34872
34875
34876
35124
35126
35127
35128
35142
35146
35147
35148
35162
35164
35167
35168
35172
35174
35176
35178
35182
35184
35186
35187
35214
35216
35217
35218
35241
35246
35247
35248
35261
35264
35267
35268
35271
35274
35276
35278
35281
35284
35286
35287
35412
35416
35417
35418
35421
35426
35427
35428
35461
35462
35467
35468
35471
35472
35476
35478
35481
35482
35486
35487
35612
35614
35617
35618
35621
35624
35627
35628
35641
35642
35647
35648
35671
35672
35674
35678
35681
35682
35684
35687
35712
35714
35716
35718
35721
35724
35726
35728
35741
35742
35746
35748
35761
35762
35764
35768
35781
35782
35784
35786
35812
35814
35816
35817
35821
35824
35826
35827
35841
35842
35846
35847
35861
35862
35864
35867
35871
35872
35874
35876
36124
36125
36127
36128
36142
36145
36147
36148
36152
36154
36157
36158
36172
36174
36175
36178
36182
36184
36185
36187
36214
36215
36217
36218
36241
36245
36247
36248
36251
36254
36257
36258
36271
36274
36275
36278
36281
36284
36285
36287
36412
36415
36417
36418
36421
36425
36427
36428
36451
36452
36457
36458
36471
36472
36475
36478
36481
36482
36485
36487
36512
36514
36517
36518
36521
36524
36527
36528
36541
36542
36547
36548
36571
36572
36574
36578
36581
36582
36584
36587
36712
36714
36715
36718
36721
36724
36725
36728
36741
36742
36745
36748
36751
36752
36754
36758
36781
36782
36784
36785
36812
36814
36815
36817
36821
36824
36825
36827
36841
36842
36845
36847
36851
36852
36854
36857
36871
36872
36874
36875
37124
37125
37126
37128
37142
37145
37146
37148
37152
37154
37156
37158
37162
37164
37165
37168
37182
37184
37185
37186
37214
37215
37216
37218
37241
37245
37246
37248
37251
37254
37256
37258
37261
37264
37265
37268
37281
37284
37285
37286
37412
37415
37416
37418
37421
37425
37426
37428
37451
37452
37456
37458
37461
37462
37465
37468
37481
37482
37485
37486
37512
37514
37516
37518
37521
37524
37526
37528
37541
37542
37546
37548
37561
37562
37564
37568
37581
37582
37584
37586
37612
37614
37615
37618
37621
37624
37625
37628
37641
37642
37645
37648
37651
37652
37654
37658
37681
37682
37684
37685
37812
37814
37815
37816
37821
37824
37825
37826
37841
37842
37845
37846
37851
37852
37854
37856
37861
37862
37864
37865
38124
38125
38126
38127
38142
38145
38146
38147
38152
38154
38156
38157
38162
38164
38165
38167
38172
38174
38175
38176
38214
38215
38216
38217
38241
38245
38246
38247
38251
38254
38256
38257
38261
38264
38265
38267
38271
38274
38275
38276
38412
38415
38416
38417
38421
38425
38426
38427
38451
38452
38456
38457
38461
38462
38465
38467
38471
38472
38475
38476
38512
38514
38516
38517
38521
38524
38526
38527
38541
38542
38546
38547
38561
38562
38564
38567
38571
38572
38574
38576
38612
38614
38615
38617
38621
38624
38625
38627
38641
38642
38645
38647
38651
38652
38654
38657
38671
38672
38674
38675
38712
38714
38715
38716
38721
38724
38725
38726
38741
38742
38745
38746
38751
38752
38754
38756
38761
38762
38764
38765
41235
41236
41237
41238
41253
41256
41257
41258
41263
41265
41267
41268
41273
41275
41276
41278
41283
41285
41286
41287
41325
41326
41327
41328
41352
41356
41357
41358
41362
41365
41367
41368
41372
41375
41376
41378
41382
41385
41386
41387
41523
41526
41527
41528
41532
41536
41537
41538
41562
41563
41567
41568
41572
41573
41576
41578
41582
41583
41586
41587
41623
41625
41627
41628
41632
41635
41637
41638
41652
41653
41657
41658
41672
41673
41675
41678
41682
41683
41685
41687
41723
41725
41726
41728
41732
41735
41736
41738
41752
41753
41756
41758
41762
41763
41765
41768
41782
41783
41785
41786
41823
41825
41826
41827
41832
41835
41836
41837
41852
41853
41856
41857
41862
41863
41865
41867
41872
41873
41875
41876
42135
42136
42137
42138
42153
42156
42157
42158
42163
42165
42167
42168
42173
42175
42176
42178
42183
42185
42186
42187
42315
42316
42317
42318
42351
42356
42357
42358
42361
42365
42367
42368
42371
42375
42376
42378
42381
42385
42386
42387
42513
42516
42517
42518
42531
42536
42537
42538
42561
42563
42567
42568
42571
42573
42576
42578
42581
42583
42586
42587
42613
42615
42617
42618
42631
42635
42637
42638
42651
42653
42657
42658
42671
42673
42675
42678
42681
42683
42685
42687
42713
42715
42716
42718
42731
42735
42736
42738
42751
42753
42756
42758
42761
42763
42765
42768
42781
42783
42785
42786
42813
42815
42816
42817
42831
42835
42836
42837
42851
42853
42856
42857
42861
42863
42865
42867
42871
42873
42875
42876
43125
43126
43127
43128
43152
43156
43157
43158
43162
43165
43167
43168
43172
43175
43176
43178
43182
43185
43186
43187
43215
43216
43217
43218
43251
43256
43257
43258
43261
43265
43267
43268
43271
43275
43276
43278
43281
43285
43286
43287
43512
43516
43517
43518
43521
43526
43527
43528
43561
43562
43567
43568
43571
43572
43576
43578
43581
43582
43586
43587
43612
43615
43617
43618
43621
43625
43627
43628
43651
43652
43657
43658
43671
43672
43675
43678
43681
43682
43685
43687
43712
43715
43716
43718
43721
43725
43726
43728
43751
43752
43756
43758
43761
43762
43765
43768
43781
43782
43785
43786
43812
43815
43816
43817
43821
43825
43826
43827
43851
43852
43856
43857
43861
43862
43865
43867
43871
43872
43875
43876
45123
45126
45127
45128
45132
45136
45137
45138
45162
45163
45167
45168
45172
45173
45176
45178
45182
45183
45186
45187
45213
45216
45217
45218
45231
45236
45237
45238
45261
45263
45267
45268
45271
45273
45276
45278
45281
45283
45286
45287
45312
45316
45317
45318
45321
45326
45327
45328
45361
45362
45367
45368
45371
45372
45376
45378
45381
45382
45386
45387
45612
45613
45617
45618
45621
45623
45627
45628
45631
45632
45637
45638
45671
45672
45673
45678
45681
45682
45683
45687
45712
45713
45716
45718
45721
45723
45726
45728
45731
45732
45736
45738
45761
45762
45763
45768
45781
45782
45783
45786
45812
45813
45816
45817
45821
45823
45826
45827
45831
45832
45836
45837
45861
45862
45863
45867
45871
45872
45873
45876
46123
46125
46127
46128
46132
46135
46137
46138
46152
46153
46157
46158
46172
46173
46175
46178
46182
46183
46185
46187
46213
46215
46217
46218
46231
46235
46237
46238
46251
46253
46257
46258
46271
46273
46275
46278
46281
46283
46285
46287
46312
46315
46317
46318
46321
46325
46327
46328
46351
46352
46357
46358
46371
46372
46375
46378
46381
46382
46385
46387
46512
46513
46517
46518
46521
46523
46527
46528
46531
46532
46537
46538
46571
46572
46573
46578
46581
46582
46583
46587
46712
46713
46715
46718
46721
46723
46725
46728
46731
46732
46735
46738
46751
46752
46753
46758
46781
46782
46783
46785
46812
46813
46815
46817
46821
46823
46825
46827
46831
46832
46835
46837
46851
46852
46853
46857
46871
46872
46873
46875
47123
47125
47126
47128
47132
47135
47136
47138
47152
47153
47156
47158
47162
47163
47165
47168
47182
47183
47185
47186
47213
47215
47216
47218
47231
47235
47236
47238
47251
47253
47256
47258
47261
47263
47265
47268
47281
47283
47285
47286
47312
47315
47316
47318
47321
47325
47326
47328
47351
47352
47356
47358
47361
47362
47365
47368
47381
47382
47385
47386
47512
47513
47516
47518
47521
47523
47526
47528
47531
47532
47536
47538
47561
47562
47563
47568
47581
47582
47583
47586
47612
47613
47615
47618
47621
47623
47625
47628
47631
47632
47635
47638
47651
47652
47653
47658
47681
47682
47683
47685
47812
47813
47815
47816
47821
47823
47825
47826
47831
47832
47835
47836
47851
47852
47853
47856
47861
47862
47863
47865
48123
48125
48126
48127
48132
48135
48136
48137
48152
48153
48156
48157
48162
48163
48165
48167
48172
48173
48175
48176
48213
48215
48216
48217
48231
48235
48236
48237
48251
48253
48256
48257
48261
48263
48265
48267
48271
48273
48275
48276
48312
48315
48316
48317
48321
48325
48326
48327
48351
48352
48356
48357
48361
48362
48365
48367
48371
48372
48375
48376
48512
48513
48516
48517
48521
48523
48526
48527
48531
48532
48536
48537
48561
48562
48563
48567
48571
48572
48573
48576
48612
48613
48615
48617
48621
48623
48625
48627
48631
48632
48635
48637
48651
48652
48653
48657
48671
48672
48673
48675
48712
48713
48715
48716
48721
48723
48725
48726
48731
48732
48735
48736
48751
48752
48753
48756
48761
48762
48763
48765
51234
51236
51237
51238
51243
51246
51247
51248
51263
51264
51267
51268
51273
51274
51276
51278
51283
51284
51286
51287
51324
51326
51327
51328
51342
51346
51347
51348
51362
51364
51367
51368
51372
51374
51376
51378
51382
51384
51386
51387
51423
51426
51427
51428
51432
51436
51437
51438
51462
51463
51467
51468
51472
51473
51476
51478
51482
51483
51486
51487
51623
51624
51627
51628
51632
51634
51637
51638
51642
51643
51647
51648
51672
51673
51674
51678
51682
51683
51684
51687
51723
51724
51726
51728
51732
51734
51736
51738
51742
51743
51746
51748
51762
51763
51764
51768
51782
51783
51784
51786
51823
51824
51826
51827
51832
51834
51836
51837
51842
51843
51846
51847
51862
51863
51864
51867
51872
51873
51874
51876
52134
52136
52137
52138
52143
52146
52147
52148
52163
52164
52167
52168
52173
52174
52176
52178
52183
52184
52186
52187
52314
52316
52317
52318
52341
52346
52347
52348
52361
52364
52367
52368
52371
52374
52376
52378
52381
52384
52386
52387
52413
52416
52417
52418
52431
52436
52437
52438
52461
52463
52467
52468
52471
52473
52476
52478
52481
52483
52486
52487
52613
52614
52617
52618
52631
52634
52637
52638
52641
52643
52647
52648
52671
52673
52674
52678
52681
52683
52684
52687
52713
52714
52716
52718
52731
52734
52736
52738
52741
52743
52746
52748
52761
52763
52764
52768
52781
52783
52784
52786
52813
52814
52816
52817
52831
52834
52836
52837
52841
52843
52846
52847
52861
52863
52864
52867
52871
52873
52874
52876
53124
53126
53127
53128
53142
53146
53147
53148
53162
53164
53167
53168
53172
53174
53176
53178
53182
53184
53186
53187
53214
53216
53217
53218
53241
53246
53247
53248
53261
53264
53267
53268
53271
53274
53276
53278
53281
53284
53286
53287
53412
53416
53417
53418
53421
53426
53427
53428
53461
53462
53467
53468
53471
53472
53476
53478
53481
53482
53486
53487
53612
53614
53617
53618
53621
53624
53627
53628
53641
53642
53647
53648
53671
53672
53674
53678
53681
53682
53684
53687
53712
53714
53716
53718
53721
53724
53726
53728
53741
53742
53746
53748
53761
53762
53764
53768
53781
53782
53784
53786
53812
53814
53816
53817
53821
53824
53826
53827
53841
53842
53846
53847
53861
53862
53864
53867
53871
53872
53874
53876
54123
54126
54127
54128
54132
54136
54137
54138
54162
54163
54167
54168
54172
54173
54176
54178
54182
54183
54186
54187
54213
54216
54217
54218
54231
54236
54237
54238
54261
54263
54267
54268
54271
54273
54276
54278
54281
54283
54286
54287
54312
54316
54317
54318
54321
54326
54327
54328
54361
54362
54367
54368
54371
54372
54376
54378
54381
54382
54386
54387
54612
54613
54617
54618
54621
54623
54627
54628
54631
54632
54637
54638
54671
54672
54673
54678
54681
54682
54683
54687
54712
54713
54716
54718
54721
54723
54726
54728
54731
54732
54736
54738
54761
54762
54763
54768
54781
54782
54783
54786
54812
54813
54816
54817
54821
54823
54826
54827
54831
54832
54836
54837
54861
54862
54863
54867
54871
54872
54873
54876
56123
56124
56127
56128
56132
56134
56137
56138
56142
56143
56147
56148
56172
56173
56174
56178
56182
56183
56184
56187
56213
56214
56217
56218
56231
56234
56237
56238
56241
56243
56247
56248
56271
56273
56274
56278
56281
56283
56284
56287
56312
56314
56317
56318
56321
56324
56327
56328
56341
56342
56347
56348
56371
56372
56374
56378
56381
56382
56384
56387
56412
56413
56417
56418
56421
56423
56427
56428
56431
56432
56437
56438
56471
56472
56473
56478
56481
56482
56483
56487
56712
56713
56714
56718
56721
56723
56724
56728
56731
56732
56734
56738
56741
56742
56743
56748
56781
56782
56783
56784
56812
56813
56814
56817
56821
56823
56824
56827
56831
56832
56834
56837
56841
56842
56843
56847
56871
56872
56873
56874
57123
57124
57126
57128
57132
57134
57136
57138
57142
57143
57146
57148
57162
57163
57164
57168
57182
57183
57184
57186
57213
57214
57216
57218
57231
57234
57236
57238
57241
57243
57246
57248
57261
57263
57264
57268
57281
57283
57284
57286
57312
57314
57316
57318
57321
57324
57326
57328
57341
57342
57346
57348
57361
57362
57364
57368
57381
57382
57384
57386
57412
57413
57416
57418
57421
57423
57426
57428
57431
57432
57436
57438
57461
57462
57463
57468
57481
57482
57483
57486
57612
57613
57614
57618
57621
57623
57624
57628
57631
57632
57634
57638
57641
57642
57643
57648
57681
57682
57683
57684
57812
57813
57814
57816
57821
57823
57824
57826
57831
57832
57834
57836
57841
57842
57843
57846
57861
57862
57863
57864
58123
58124
58126
58127
58132
58134
58136
58137
58142
58143
58146
58147
58162
58163
58164
58167
58172
58173
58174
58176
58213
58214
58216
58217
58231
58234
58236
58237
58241
58243
58246
58247
58261
58263
58264
58267
58271
58273
58274
58276
58312
58314
58316
58317
58321
58324
58326
58327
58341
58342
58346
58347
58361
58362
58364
58367
58371
58372
58374
58376
58412
58413
58416
58417
58421
58423
58426
58427
58431
58432
58436
58437
58461
58462
58463
58467
58471
58472
58473
58476
58612
58613
58614
58617
58621
58623
58624
58627
58631
58632
58634
58637
58641
58642
58643
58647
58671
58672
58673
58674
58712
58713
58714
58716
58721
58723
58724
58726
58731
58732
58734
58736
58741
58742
58743
58746
58761
58762
58763
58764
61234
61235
61237
61238
61243
61245
61247
61248
61253
61254
61257
61258
61273
61274
61275
61278
61283
61284
61285
61287
61324
61325
61327
61328
61342
61345
61347
61348
61352
61354
61357
61358
61372
61374
61375
61378
61382
61384
61385
61387
61423
61425
61427
61428
61432
61435
61437
61438
61452
61453
61457
61458
61472
61473
61475
61478
61482
61483
61485
61487
61523
61524
61527
61528
61532
61534
61537
61538
61542
61543
61547
61548
61572
61573
61574
61578
61582
61583
61584
61587
61723
61724
61725
61728
61732
61734
61735
61738
61742
61743
61745
61748
61752
61753
61754
61758
61782
61783
61784
61785
61823
61824
61825
61827
61832
61834
61835
61837
61842
61843
61845
61847
61852
61853
61854
61857
61872
61873
61874
61875
62134
62135
62137
62138
62143
62145
62147
62148
62153
62154
62157
62158
62173
62174
62175
62178
62183
62184
62185
62187
62314
62315
62317
62318
62341
62345
62347
62348
62351
62354
62357
62358
62371
62374
62375
62378
62381
62384
62385
62387
62413
62415
62417
62418
62431
62435
62437
62438
62451
62453
62457
62458
62471
62473
62475
62478
62481
62483
62485
62487
62513
62514
62517
62518
62531
62534
62537
62538
62541
62543
62547
62548
62571
62573
62574
62578
62581
62583
62584
62587
62713
62714
62715
62718
62731
62734
62735
62738
62741
62743
62745
62748
62751
62753
62754
62758
62781
62783
62784
62785
62813
62814
62815
62817
62831
62834
62835
62837
62841
62843
62845
62847
62851
62853
62854
62857
62871
62873
62874
62875
63124
63125
63127
63128
63142
63145
63147
63148
63152
63154
63157
63158
63172
63174
63175
63178
63182
63184
63185
63187
63214
63215
63217
63218
63241
63245
63247
63248
63251
63254
63257
63258
63271
63274
63275
63278
63281
63284
63285
63287
63412
63415
63417
63418
63421
63425
63427
63428
63451
63452
63457
63458
63471
63472
63475
63478
63481
63482
63485
63487
63512
63514
63517
63518
63521
63524
63527
63528
63541
63542
63547
63548
63571
63572
63574
63578
63581
63582
63584
63587
63712
63714
63715
63718
63721
63724
63725
63728
63741
63742
63745
63748
63751
63752
63754
63758
63781
63782
63784
63785
63812
63814
63815
63817
63821
63824
63825
63827
63841
63842
63845
63847
63851
63852
63854
63857
63871
63872
63874
63875
64123
64125
64127
64128
64132
64135
64137
64138
64152
64153
64157
64158
64172
64173
64175
64178
64182
64183
64185
64187
64213
64215
64217
64218
64231
64235
64237
64238
64251
64253
64257
64258
64271
64273
64275
64278
64281
64283
64285
64287
64312
64315
64317
64318
64321
64325
64327
64328
64351
64352
64357
64358
64371
64372
64375
64378
64381
64382
64385
64387
64512
64513
64517
64518
64521
64523
64527
64528
64531
64532
64537
64538
64571
64572
64573
64578
64581
64582
64583
64587
64712
64713
64715
64718
64721
64723
64725
64728
64731
64732
64735
64738
64751
64752
64753
64758
64781
64782
64783
64785
64812
64813
64815
64817
64821
64823
64825
64827
64831
64832
64835
64837
64851
64852
64853
64857
64871
64872
64873
64875
65123
65124
65127
65128
65132
65134
65137
65138
65142
65143
65147
65148
65172
65173
65174
65178
65182
65183
65184
65187
65213
65214
65217
65218
65231
65234
65237
65238
65241
65243
65247
65248
65271
65273
65274
65278
65281
65283
65284
65287
65312
65314
65317
65318
65321
65324
65327
65328
65341
65342
65347
65348
65371
65372
65374
65378
65381
65382
65384
65387
65412
65413
65417
65418
65421
65423
65427
65428
65431
65432
65437
65438
65471
65472
65473
65478
65481
65482
65483
65487
65712
65713
65714
65718
65721
65723
65724
65728
65731
65732
65734
65738
65741
65742
65743
65748
65781
65782
65783
65784
65812
65813
65814
65817
65821
65823
65824
65827
65831
65832
65834
65837
65841
65842
65843
65847
65871
65872
65873
65874
67123
67124
67125
67128
67132
67134
67135
67138
67142
67143
67145
67148
67152
67153
67154
67158
67182
67183
67184
67185
67213
67214
67215
67218
67231
67234
67235
67238
67241
67243
67245
67248
67251
67253
67254
67258
67281
67283
67284
67285
67312
67314
67315
67318
67321
67324
67325
67328
67341
67342
67345
67348
67351
67352
67354
67358
67381
67382
67384
67385
67412
67413
67415
67418
67421
67423
67425
67428
67431
67432
67435
67438
67451
67452
67453
67458
67481
67482
67483
67485
67512
67513
67514
67518
67521
67523
67524
67528
67531
67532
67534
67538
67541
67542
67543
67548
67581
67582
67583
67584
67812
67813
67814
67815
67821
67823
67824
67825
67831
67832
67834
67835
67841
67842
67843
67845
67851
67852
67853
67854
68123
68124
68125
68127
68132
68134
68135
68137
68142
68143
68145
68147
68152
68153
68154
68157
68172
68173
68174
68175
68213
68214
68215
68217
68231
68234
68235
68237
68241
68243
68245
68247
68251
68253
68254
68257
68271
68273
68274
68275
68312
68314
68315
68317
68321
68324
68325
68327
68341
68342
68345
68347
68351
68352
68354
68357
68371
68372
68374
68375
68412
68413
68415
68417
68421
68423
68425
68427
68431
68432
68435
68437
68451
68452
68453
68457
68471
68472
68473
68475
68512
68513
68514
68517
68521
68523
68524
68527
68531
68532
68534
68537
68541
68542
68543
68547
68571
68572
68573
68574
68712
68713
68714
68715
68721
68723
68724
68725
68731
68732
68734
68735
68741
68742
68743
68745
68751
68752
68753
68754
71234
71235
71236
71238
71243
71245
71246
71248
71253
71254
71256
71258
71263
71264
71265
71268
71283
71284
71285
71286
71324
71325
71326
71328
71342
71345
71346
71348
71352
71354
71356
71358
71362
71364
71365
71368
71382
71384
71385
71386
71423
71425
71426
71428
71432
71435
71436
71438
71452
71453
71456
71458
71462
71463
71465
71468
71482
71483
71485
71486
71523
71524
71526
71528
71532
71534
71536
71538
71542
71543
71546
71548
71562
71563
71564
71568
71582
71583
71584
71586
71623
71624
71625
71628
71632
71634
71635
71638
71642
71643
71645
71648
71652
71653
71654
71658
71682
71683
71684
71685
71823
71824
71825
71826
71832
71834
71835
71836
71842
71843
71845
71846
71852
71853
71854
71856
71862
71863
71864
71865
72134
72135
72136
72138
72143
72145
72146
72148
72153
72154
72156
72158
72163
72164
72165
72168
72183
72184
72185
72186
72314
72315
72316
72318
72341
72345
72346
72348
72351
72354
72356
72358
72361
72364
72365
72368
72381
72384
72385
72386
72413
72415
72416
72418
72431
72435
72436
72438
72451
72453
72456
72458
72461
72463
72465
72468
72481
72483
72485
72486
72513
72514
72516
72518
72531
72534
72536
72538
72541
72543
72546
72548
72561
72563
72564
72568
72581
72583
72584
72586
72613
72614
72615
72618
72631
72634
72635
72638
72641
72643
72645
72648
72651
72653
72654
72658
72681
72683
72684
72685
72813
72814
72815
72816
72831
72834
72835
72836
72841
72843
72845
72846
72851
72853
72854
72856
72861
72863
72864
72865
73124
73125
73126
73128
73142
73145
73146
73148
73152
73154
73156
73158
73162
73164
73165
73168
73182
73184
73185
73186
73214
73215
73216
73218
73241
73245
73246
73248
73251
73254
73256
73258
73261
73264
73265
73268
73281
73284
73285
73286
73412
73415
73416
73418
73421
73425
73426
73428
73451
73452
73456
73458
73461
73462
73465
73468
73481
73482
73485
73486
73512
73514
73516
73518
73521
73524
73526
73528
73541
73542
73546
73548
73561
73562
73564
73568
73581
73582
73584
73586
73612
73614
73615
73618
73621
73624
73625
73628
73641
73642
73645
73648
73651
73652
73654
73658
73681
73682
73684
73685
73812
73814
73815
73816
73821
73824
73825
73826
73841
73842
73845
73846
73851
73852
73854
73856
73861
73862
73864
73865
74123
74125
74126
74128
74132
74135
74136
74138
74152
74153
74156
74158
74162
74163
74165
74168
74182
74183
74185
74186
74213
74215
74216
74218
74231
74235
74236
74238
74251
74253
74256
74258
74261
74263
74265
74268
74281
74283
74285
74286
74312
74315
74316
74318
74321
74325
74326
74328
74351
74352
74356
74358
74361
74362
74365
74368
74381
74382
74385
74386
74512
74513
74516
74518
74521
74523
74526
74528
74531
74532
74536
74538
74561
74562
74563
74568
74581
74582
74583
74586
74612
74613
74615
74618
74621
74623
74625
74628
74631
74632
74635
74638
74651
74652
74653
74658
74681
74682
74683
74685
74812
74813
74815
74816
74821
74823
74825
74826
74831
74832
74835
74836
74851
74852
74853
74856
74861
74862
74863
74865
75123
75124
75126
75128
75132
75134
75136
75138
75142
75143
75146
75148
75162
75163
75164
75168
75182
75183
75184
75186
75213
75214
75216
75218
75231
75234
75236
75238
75241
75243
75246
75248
75261
75263
75264
75268
75281
75283
75284
75286
75312
75314
75316
75318
75321
75324
75326
75328
75341
75342
75346
75348
75361
75362
75364
75368
75381
75382
75384
75386
75412
75413
75416
75418
75421
75423
75426
75428
75431
75432
75436
75438
75461
75462
75463
75468
75481
75482
75483
75486
75612
75613
75614
75618
75621
75623
75624
75628
75631
75632
75634
75638
75641
75642
75643
75648
75681
75682
75683
75684
75812
75813
75814
75816
75821
75823
75824
75826
75831
75832
75834
75836
75841
75842
75843
75846
75861
75862
75863
75864
76123
76124
76125
76128
76132
76134
76135
76138
76142
76143
76145
76148
76152
76153
76154
76158
76182
76183
76184
76185
76213
76214
76215
76218
76231
76234
76235
76238
76241
76243
76245
76248
76251
76253
76254
76258
76281
76283
76284
76285
76312
76314
76315
76318
76321
76324
76325
76328
76341
76342
76345
76348
76351
76352
76354
76358
76381
76382
76384
76385
76412
76413
76415
76418
76421
76423
76425
76428
76431
76432
76435
76438
76451
76452
76453
76458
76481
76482
76483
76485
76512
76513
76514
76518
76521
76523
76524
76528
76531
76532
76534
76538
76541
76542
76543
76548
76581
76582
76583
76584
76812
76813
76814
76815
76821
76823
76824
76825
76831
76832
76834
76835
76841
76842
76843
76845
76851
76852
76853
76854
78123
78124
78125
78126
78132
78134
78135
78136
78142
78143
78145
78146
78152
78153
78154
78156
78162
78163
78164
78165
78213
78214
78215
78216
78231
78234
78235
78236
78241
78243
78245
78246
78251
78253
78254
78256
78261
78263
78264
78265
78312
78314
78315
78316
78321
78324
78325
78326
78341
78342
78345
78346
78351
78352
78354
78356
78361
78362
78364
78365
78412
78413
78415
78416
78421
78423
78425
78426
78431
78432
78435
78436
78451
78452
78453
78456
78461
78462
78463
78465
78512
78513
78514
78516
78521
78523
78524
78526
78531
78532
78534
78536
78541
78542
78543
78546
78561
78562
78563
78564
78612
78613
78614
78615
78621
78623
78624
78625
78631
78632
78634
78635
78641
78642
78643
78645
78651
78652
78653
78654
81234
81235
81236
81237
81243
81245
81246
81247
81253
81254
81256
81257
81263
81264
81265
81267
81273
81274
81275
81276
81324
81325
81326
81327
81342
81345
81346
81347
81352
81354
81356
81357
81362
81364
81365
81367
81372
81374
81375
81376
81423
81425
81426
81427
81432
81435
81436
81437
81452
81453
81456
81457
81462
81463
81465
81467
81472
81473
81475
81476
81523
81524
81526
81527
81532
81534
81536
81537
81542
81543
81546
81547
81562
81563
81564
81567
81572
81573
81574
81576
81623
81624
81625
81627
81632
81634
81635
81637
81642
81643
81645
81647
81652
81653
81654
81657
81672
81673
81674
81675
81723
81724
81725
81726
81732
81734
81735
81736
81742
81743
81745
81746
81752
81753
81754
81756
81762
81763
81764
81765
82134
82135
82136
82137
82143
82145
82146
82147
82153
82154
82156
82157
82163
82164
82165
82167
82173
82174
82175
82176
82314
82315
82316
82317
82341
82345
82346
82347
82351
82354
82356
82357
82361
82364
82365
82367
82371
82374
82375
82376
82413
82415
82416
82417
82431
82435
82436
82437
82451
82453
82456
82457
82461
82463
82465
82467
82471
82473
82475
82476
82513
82514
82516
82517
82531
82534
82536
82537
82541
82543
82546
82547
82561
82563
82564
82567
82571
82573
82574
82576
82613
82614
82615
82617
82631
82634
82635
82637
82641
82643
82645
82647
82651
82653
82654
82657
82671
82673
82674
82675
82713
82714
82715
82716
82731
82734
82735
82736
82741
82743
82745
82746
82751
82753
82754
82756
82761
82763
82764
82765
83124
83125
83126
83127
83142
83145
83146
83147
83152
83154
83156
83157
83162
83164
83165
83167
83172
83174
83175
83176
83214
83215
83216
83217
83241
83245
83246
83247
83251
83254
83256
83257
83261
83264
83265
83267
83271
83274
83275
83276
83412
83415
83416
83417
83421
83425
83426
83427
83451
83452
83456
83457
83461
83462
83465
83467
83471
83472
83475
83476
83512
83514
83516
83517
83521
83524
83526
83527
83541
83542
83546
83547
83561
83562
83564
83567
83571
83572
83574
83576
83612
83614
83615
83617
83621
83624
83625
83627
83641
83642
83645
83647
83651
83652
83654
83657
83671
83672
83674
83675
83712
83714
83715
83716
83721
83724
83725
83726
83741
83742
83745
83746
83751
83752
83754
83756
83761
83762
83764
83765
84123
84125
84126
84127
84132
84135
84136
84137
84152
84153
84156
84157
84162
84163
84165
84167
84172
84173
84175
84176
84213
84215
84216
84217
84231
84235
84236
84237
84251
84253
84256
84257
84261
84263
84265
84267
84271
84273
84275
84276
84312
84315
84316
84317
84321
84325
84326
84327
84351
84352
84356
84357
84361
84362
84365
84367
84371
84372
84375
84376
84512
84513
84516
84517
84521
84523
84526
84527
84531
84532
84536
84537
84561
84562
84563
84567
84571
84572
84573
84576
84612
84613
84615
84617
84621
84623
84625
84627
84631
84632
84635
84637
84651
84652
84653
84657
84671
84672
84673
84675
84712
84713
84715
84716
84721
84723
84725
84726
84731
84732
84735
84736
84751
84752
84753
84756
84761
84762
84763
84765
85123
85124
85126
85127
85132
85134
85136
85137
85142
85143
85146
85147
85162
85163
85164
85167
85172
85173
85174
85176
85213
85214
85216
85217
85231
85234
85236
85237
85241
85243
85246
85247
85261
85263
85264
85267
85271
85273
85274
85276
85312
85314
85316
85317
85321
85324
85326
85327
85341
85342
85346
85347
85361
85362
85364
85367
85371
85372
85374
85376
85412
85413
85416
85417
85421
85423
85426
85427
85431
85432
85436
85437
85461
85462
85463
85467
85471
85472
85473
85476
85612
85613
85614
85617
85621
85623
85624
85627
85631
85632
85634
85637
85641
85642
85643
85647
85671
85672
85673
85674
85712
85713
85714
85716
85721
85723
85724
85726
85731
85732
85734
85736
85741
85742
85743
85746
85761
85762
85763
85764
86123
86124
86125
86127
86132
86134
86135
86137
86142
86143
86145
86147
86152
86153
86154
86157
86172
86173
86174
86175
86213
86214
86215
86217
86231
86234
86235
86237
86241
86243
86245
86247
86251
86253
86254
86257
86271
86273
86274
86275
86312
86314
86315
86317
86321
86324
86325
86327
86341
86342
86345
86347
86351
86352
86354
86357
86371
86372
86374
86375
86412
86413
86415
86417
86421
86423
86425
86427
86431
86432
86435
86437
86451
86452
86453
86457
86471
86472
86473
86475
86512
86513
86514
86517
86521
86523
86524
86527
86531
86532
86534
86537
86541
86542
86543
86547
86571
86572
86573
86574
86712
86713
86714
86715
86721
86723
86724
86725
86731
86732
86734
86735
86741
86742
86743
86745
86751
86752
86753
86754
87123
87124
87125
87126
87132
87134
87135
87136
87142
87143
87145
87146
87152
87153
87154
87156
87162
87163
87164
87165
87213
87214
87215
87216
87231
87234
87235
87236
87241
87243
87245
87246
87251
87253
87254
87256
87261
87263
87264
87265
87312
87314
87315
87316
87321
87324
87325
87326
87341
87342
87345
87346
87351
87352
87354
87356
87361
87362
87364
87365
87412
87413
87415
87416
87421
87423
87425
87426
87431
87432
87435
87436
87451
87452
87453
87456
87461
87462
87463
87465
87512
87513
87514
87516
87521
87523
87524
87526
87531
87532
87534
87536
87541
87542
87543
87546
87561
87562
87563
87564
87612
87613
87614
87615
87621
87623
87624
87625
87631
87632
87634
87635
87641
87642
87643
87645
87651
87652
87653
87654
6720